95146143331
95143152305
95142481469
95140164349
95139548327
95138310687
95115049797
95113758399
95035082233
95023708353
94930851015
94877915431
94873718641
94856397911
94847946157
94765133291
94762264639
94751904167
94706373199
94705699091
94705159529
94703973655
94703280249
94701543781
94700892435
94609773779
94603168073
94601291765
94600123555
94599528169
94592309601
94590630349
94589346119
94586994801
94585129543
94527730075
94524687603
94523552433
94522382987
94520589063
94519271331
94517601683
94516877855
94516271933
94509810401
94507895779
94492293205
94438358207
94437108171
94436481513
94346561605
94169617343
94168337499
94167736377
94161724555
94159925723
94158705383
94154025897
94119680425
94097544467
94097500583
94096925739
94095772889
94095702211
94092083333
94090912975
94089174915
94089097957
94085596177
94084931051
94083765877
94081968095
94081276755
94078915811
94077809253
94077715395
94077687275
94077094637
94076552441
94074784885
94057459762
94056617720
94056574532
94056554440
